$GPGGA,200644.447,5319.4642,N,00623.6011,W,1,07,1.1,87.7,M,56.4,M,,0000*7E
$GPGSA,A,3,05,07,10,28,13,30,15,,,,,,2.0,1.1,1.7*3A
$GPGSV,3,1,12,05,64,192,21,26,64,277,09,30,56,070,20,13,54,085,43*77
$GPGSV,3,2,12,28,31,125,30,07,25,054,20,15,23,277,21,10,16,149,33*7B
$GPGSV,3,3,12,21,16,322,15,03,08,315,,27,05,013,,19,01,040,*7A
$GPRMC,200644.447,A,5319.4642,N,00623.6011,W,000.0,108.8,191114,,,A*78
$GPVTG,108.8,T,,M,000.0,N,000.0,K,A*0C
$GPGGA,200645.447,5319.4642,N,00623.6011,W,1,07,1.1,87.7,M,56.4,M,,0000*7F
$GPGSA,A,3,05,07,10,28,13,30,15,,,,,,2.0,1.1,1.7*3A
$GPGSV,3,1,12,05,64,192,
